B0 = 2048
X = 1827
Y = 2468
Z = 1281
ZX = 2036
ZY = 1895
XY = 1862
X2Y2 = 2027
Z2 = 2048
K_B0 = 0.5
K_X = 0.0544909
K_Y = -0.0572963
K_Z = -0.0981395
K_ZX = 0.0515521
K_ZY = -0.0634649
K_XY = 0.0333766
K_X2Y2 = -0.0162868
K_Z2 = -0.0210833
